3000
103 198 105
115 81 255
74 236 41
205 186 171
242 251 227
70 124 194
84 248 27
232 231 141
118 90 46
99 51 159
201 154 102
50 13 183
49 88 163
90 37 93
5 23 88
233 94 212
171 178 205
198 155 180
84 17 14
130 116 65
33 61 220
135 112 233
62 161 65
225 252 103
62 1 126
151 234 220
107 150 143
56 92 42
236 176 59
251 50 175
60 84 236
24 219 92
2 26 254
67 251 250
170 58 251
41 209 230
5 60 124
148 117 216
190 97 137
249 92 187
168 153 15
149 177 235
241 179 5
239 247 0
233 161 58
229 202 11
203 208 72
71 100 189
31 35 30
168 28 123
100 197 20
115 90 197
94 75 121
99 59 112
100 36 17
158 9 220
170 212 172
242 27 16
175 59 51
205 227 80
72 71 21
92 187 111
34 25 186
155 125 245
11 225 26
28 127 35
248 41 248
164 27 19
181 202 78
232 152 50
56 224 121
77 61 52
188 95 78
119 250 203
108 5 172
134 33 43
170 26 85
162 190 112
181 115 59
4 92 211
54 148 179
175 226 240
228 158 79
50 21 73
253 130 78
169 8 112
212 178 138
41 84 72
154 10 188
213 14 24
168 68 172
91 243 142
76 215 45
155 9 66
229 6 196
51 175 205
163 132 127
45 173 212
118 71 222
50 28 236
74 196 48
246 32 35
133 108 251
178 7 4
244 236 11
185 32 186
134 195 62
5 241 236
217 103 51
183 153 80
163 227 20
211 217 52
247 94 160
242 16 168
246 5 148
1 190 180
188 68 120
250 73 105
230 35 208
26 218 105
106 126 76
126 81 37
179 72 132
83 58 148
251 49 153
144 50 87
68 238 155
188 233 229
37 207 8
245 233 226
94 83 96
170 210 178
208 133 250
84 216 53
232 212 102
130 100 152
217 168 135
117 101 112
90 138 63
98 128 41
68 222 124
165 137 78
87 89 211
81 173 172
134 149 128
236 23 228
133 241 140
12 102 241
124 192 124
187 34 252
228 102 218
97 11 99
175 98 188
131 180 105
47 58 255
175 39 22
147 172 7
31 184 109
17 52 45
141 239 79
137 212 182
99 53 193
199 228 36
131 103 216
237 150 18
236 69 57
2 216 229
10 248 157
119 9 209
165 150 193
244 31 149
170 130 202
108 73 174
144 205 22
104 186 172
122 166 242
180 168 202
153 178 194
55 42 203
8 207 97
201 195 128
94 110 3
40 218 76
215 106 25
237 210 211
153 76 121
139 0 34
86 154 212
24 209 254
228 217 205
69 163 145
198 1 255
201 42 217
21 1 67
47 238 21
2 135 97
124 19 98
158 105 252
114 129 205
113 101 166
62 171 73
207 113 75
206 58 117
167 79 118
234 126 100
255 129 235
97 253 254
195 155 103
191 13 233
140 126 78
50 189 249
124 140 106
199 91 164
60 2 244
178 237 114
22 236 243
1 77 240
0 16 139
103 207 153
80 91 23
159 142 212
152 10 97
3 209 188
167 13 190
155 191 171
14 213 152
1 214 229
242 214 246
125 62 197
22 142 33
46 45 175
2 198 185
99 201 138
31 112 151
222 12 86
137 26 43
33 27 1
7 13 216
253 139 22
194 161 164
227 207 210
146 210 152
75 53 97
213 85 209
108 51 221
194 188 247
237 222 19
239 229 32
199 226 171
221 164 77
129 136 28
83 26 238
235 102 36
76 59 121
30 168 172
251 106 104
243 88 70
6 71 43
38 14 13
210 235 178
31 108 58
59 192 84
42 171 186
78 248 246
199 22 158
115 17 8
219 4 96
34 10 167
77 49 181
91 3 160
13 34 13
71 93 205
155 135 120
86 213 112
76 156 134
234 15 152
242 235 156
83 13 167
250 90 216
176 181 219
80 194 253
93 9 90
42 165 226
163 251 183
19 71 84
154 49 99
50 35 78
206 118 91
117 113 182
77 33 107
40 113 46
37 207 55
128 249 220
98 156 215
25 176 30
109 74 79
209 124 115
31 74 233
123 192 90
49 13 123
156 54 237
202 91 188
2 219 181
222 61 82
182 87 2
212 196 76
36 149 200
151 181 18
128 48 210
219 97 224
86 253 22
67 200 113
255 202 77
181 168 138
7 94 225
9 51 166
85 87 59
29 238 240
47 110 32
2 73 129
226 160 127
248 227 71
105 227 17
182 152 185
65 159 24
34 168 75
200 253 162
4 26 144
244 73 254
21 75 72
150 45 232
21 37 203
92 143 174
109 69 70
39 134 229
63 169 141
138 113 138
44 117 164
188 106 238
186 127 57
2 21 103
234 43 140
182 135 27
100 245 97
171 28 231
144 91 144
30 229 2
168 17 119
77 205 225
59 135 96
116 138 118
219 116 161
104 42 40
131 143 29
228 58 57
204 202 148
92 232 121
94 145 138
214 222 87
183 25 223
24 141 105
142 105 221
47 209 8
87 84 151
117 57 209
174 5 155
67 97 132
188 192 21
71 150 243
158 77 12
125 101 153
230 243 2
196 34 211
204 122 40
99 239 97
52 157 102
207 224 199
83 157 135
104 228 29
91 130 107
103 0 208
1 230 196
3 170 230
215 118 96
255 217 79
96 13 237
198 221 205
141 48 106
21 153 78
50 244 209
157 92 209
110 93 183
50 96 98
24 55 216
121 54 178
200 150 191
181 92 156
131 234 205
237 255 102
60 49 90
13 207 182
222 61 19
149 111 116
247 135 171
208 0 226
130 201 120
65 126 213
222 1 191
171 239 190
17 43 239
107 56 190
34 22 251
53 171 106
169 163 242
85 115 242
55 245 187
175 54 58
132 20 59
67 191 42
1 208 85
241 60 141
175 94 163
171 147 79
21 61 242
7 146 101
250 201 90
181 120 144
239 253 165
43 64 100
85 66 53
171 51 113
56 226 207
220 141 98
43 163 159
29 170 49
130 164 250
220 90 115
108 73 112
17 116 176
118 202 242
171 117 37
28 173 8
235 137 149
77 180 56
237 209 227
30 83 135
25 47 225
140 156 43
252 173 159
172 35 105
159 206 222
196 234 140
204 213 21
98 35 202
154 16 155
125 46 239
5 71 30
230 211 186
17 207 104
177 124 139
26 27 90
249 223 68
133 172 26
154 14 61
100 168 77
0 38 123
239 43 195
13 17 150
200 35 102
48 212 226
187 238 253
21 231 220
90 108 136
116 7 150
177 107 63
254 107 101
121 90 144
60 104 161
211 48 196
57 96 152
27 27 135
24 49 110
244 139 219
125 255 226
19 176 77
82 174 185
183 39 19
71 100 123
233 55 171
173 112 11
70 139 39
205 163 88
59 151 227
22 20 226
248 40 146
70 122 64
255 50 103
18 121 203
142 98 2
57 16 114
69 86 253
108 35 160
196 94 56
167 117 76
137 109 116
27 179 239
91 178 33
194 197 154
142 83 253
144 140 13
3 209 99
0 61 134
161 1 228
217 168 89
37 49 199
154 76 122
137 167 45
170 106 242
68 248 69
65 136 209
78 139 163
177 140 224
55 45 226
28 6 138
117 43 188
60 197 8
183 78 176
228 248 26
214 61 18
27 126 154
236 205 38
143 126 178
112 182 223
82 210 229
220 71 16
152 132 214
161 59 36
81 31 29
107 245 90
125 16 216
23 252 165
61 140 36
239 252 218
206 78 172
179 42 243
196 195 119
154 100 178
190 181 209
219 32 198
53 157 214
14 180 211
179 242 95
215 225 91
177 176 169
93 99 211
81 39 150
200 193 250
123 128 175
76 91 207
19 145 108
233 159 33
188 82 19
27 42 244
118 219 164
31 57 8
243 138 47
137 82 241
132 205 113
51 26 204
3 45 93
111 22 252
144 211 79
163 238 121
152 101 84
60 132 141
68 119 23
116 1 106
101 133 55
214 184 81
162 187 126
0 43 149
252 187 104
75 95 86
196 247 187
25 51 64
166 120 183
190 236 184
40 81 61
95 39 246
177 201 177
47 201 220
196 198 152
44 17 247
131 214 238
62 239 33
126 149 153
54 83 133
238 123 214
44 219 253
34 140 199
211 187 144
176 128 86
72 172 104
63 47 62
45 110 45
78 236 194
232 34 22
109 17 145
68 61 108
65 95 248
8 50 180
153 226 52
239 42 224
87 105 16
149 150 126
194 229 106
133 205 141
155 58 158
44 126 219
153 192 58
145 200 108
69 97 79
121 81 121
90 168 227
106 62 121
232 0 94
82 133 43
223 32 102
125 77 228
88 230 164
146 119 109
255 189 206
78 54 31
199 144 200
170 250 6
36 226 6
130 53 140
174 20 172
20 146 249
248 234 223
157 125 87
10 124 20
216 202 74
248 145 219
192 60 213
198 96 184
204 226 237
88 144 1
5 164 147
254 157 126
222 58 251
53 68 119
73 28 65
147 20 210
110 212 14
68 154 110
252 103 81
233 191 225
234 196 134
126 195 35
252 161 93
247 214 161
110 31 189
175 178 210
129 33 166
144 101 65
254 97 168
79 74 103
49 52 44
183 178 239
218 174 144
55 165 102
216 19 133
149 194 55
103 68 88
14 212 189
79 210 30
247 34 104
94 83 157
138 10 79
121 228 254
9 27 163
111 243 183
244 136 121
44 240 189
132 254 145
66 77 100
96 68 134
201 162 217
102 45 227
181 166 199
179 176 226
87 31 213
14 20 93
135 64 77
69 196 75
214 6 152
58 103 220
192 48 127
153 150 172
124 75 82
67 255 2
37 86 34
250 100 54
88 235 118
165 48 58
241 7 65
137 65 168
102 2 216
229 155 110
145 24 185
227 91 184
230 129 14
8 123 114
62 211 94
180 121 142
238 106 149
47 243 215
215 89 217
175 62 116
29 207 140
215 179 232
143 153 105
158 161 228
16 223 184
110 147 49
253 129 155
146 177 142
105 136 232
66 56 38
183 85 246
67 44 169
43 188 66
148 90 227
121 106 194
49 217 85
98 214 214
253 104 135
139 210 16
115 20 72
154 203 157
144 15 202
57 58 134
123 207 224
94 72 74
32 121 35
117 219 249
75 216 98
211 99 52
227 215 72
43 113 20
200 1 35
146 58 93
24 181 44
248 19 116
67 51 237
102 168 200
96 243 160
194 198 4
246 169 219
62 212 76
82 157 77
117 47 135
211 72 60
255 64 79
116 131 130
97 234 42
42 74 29
202 12 228
206 2 141
169 64 98
245 147 255
66 8 46
201 219 118
5 219 183
84 79 58
214 176 36
0 218 110
30 165 122
2 115 124
143 29 189
241 18 80
240 85 88
31 30 52
149 36 15
76 120 94
135 79 14
171 79 233
26 109 142
148 111 1
17 255 30
206 240 49
30 225 134
118 0 164
170 149 200
185 226 65
23 105 144
38 20 223
15 46 77
157 195 188
158 212 187
189 162 172
238 192 141
116 54 141
24 225 34
225 154 4
34 178 109
178 216 130
145 231 176
222 132 115
155 34 71
86 223 233
2 205 169
143 65 224
28 90 193
63 59 91
67 93 13
177 15 229
51 160 204
227 127 80
87 26 115
158 112 82
136 115 32
49 2 97
17 31 187
210 94 246
46 161 83
59 82 98
33 133 3
237 105 130
62 192 156
177 94 12
3 230 127
35 24 130
133 41 161
64 252 255
55 42 160
138 101 243
237 134 120
240 116 225
114 178 161
14 99 0
26 102 230
154 138 254
28 15 40
189 79 36
188 134 78
92 17 179
79 254 58
200 238 174
169 96 96
75 110 195
75 136 41
49 34 179
48 62 194
88 251 18
124 183 152
202 20 169
125 99 167
183 43 149
101 213 245
197 32 99
136 107 236
178 156 14
101 204 77
40 36 72
58 160 0
210 106 20
124 232 119
35 159 163
185 5 120
174 202 152
18 83 3
254 5 159
12 106 108
89 146 144
162 204 49
162 159 155
182 27 131
45 62 35
208 247 40
72 166 242
224 184 69
227 182 74
131 194 181
239 28 71
127 190 20
176 96 179
76 22 206
207 67 12
242 20 4
26 92 170
13 61 98
82 32 24
157 163 218
82 146 246
153 18 180
173 194 20
96 14 42
46 222 110
59 208 130
63 235 222
233 248 27
75 74 60
99 231 223
61 57 114
52 211 132
232 128 70
253 225 85
39 15 51
149 74 3
23 137 238
246 114 230
17 189 49
77 32 24
45 94 82
159 146 37
35 122 165
105 119 134
190 159 150
241 52 224
245 76 106
227 66 220
202 83 154
251 161 186
19 206 24
101 109 170
138 144 37
48 249 156
182 184 59
76 169 112
45 158 188
151 130 254
115 76 81
13 71 242
200 90 192
224 192 45
139 74 189
176 122 183
76 49 111
136 125 24
248 170 183
180 65 57
178 181 133
3 194 204
246 138 38
182 107 230
228 246 49
161 166 171
88 242 220
199 122 90
224 114 4
151 38 70
208 216 251
85 220 189
33 210 72
71 136 179
46 108 169
95 14 79
10 102 65
231 46 188
65 14 46
69 165 85
139 117 45
134 202 9
68 235 219
140 50 100
63 96 208
232 191 222
55 202 69
120 177 115
52 242 129
99 55 38
184 195 155
229 73 101
239 141 80
202 25 130
46 88 227
255 64 162
221 119 108
34 240 29
149 36 15
22 135 71
60 63 10
215 37 83
60 20 225
140 222 250
15 13 83
242 12 147
148 233 11
1 12 251
30 161 31
46 184 167
117 244 230
127 204 11
210 8 31
179 149 254
174 164 11
1 150 23
148 42 0

